fitted:[39.73478487539838, 88.33824418765474, 136.63237786349475, 184.93057233864863, 233.2188110596259, 281.60603870233416, 329.67733262666366, 377.7747590224738, 425.9071216244346, 473.8571746776904, 522.2483427088946, 569.1243250947409, 616.0610156653696]
fitted_errs:[0.07288442007685077, 0.06205218640245616, 0.043106841700330786, 0.0700953514142136, 0.06455936327901411, 0.07449523404506735, 0.1560268742617048, 0.10832673549306021, 0.13596704597207232, 0.27578262811517323, 0.225834615139951, 0.21682429135632414, 0.4234840046584326]
low_comb:0.000153560671091641
total_sel:5
index_sel:1
gain_sel:821.2695220108573
perr_sel:0.000767803355458205
cumulative:0.2968368602945617
perm:(17, 98)
