fitted:[14.950473244357156, 33.928867262759, 52.895319957297964, 71.7043867041229, 147.60720097318762]
fitted_errs:[0.010324203424029683, 0.024162205817334304, 0.05800892709664859, 0.12409140946027417, 0.3474441640012853]
low_comb:0.018983879529317887
total_sel:5
index_sel:0
gain_sel:957.7779927228063
perr_sel:0.09491939764658944
cumulative:0.2256123639198288
perm:(49, 98)
